"mean" "sd" "0.025quant" "0.975quant" "mode"
"b0" -0.0318309122725749 0.171879238420189 -0.374946515101996 0.302315881510746 -0.0267771031821534
"b0pp" 4.56565177077195 0.10744036664097 4.35117899602677 4.77314333671803 4.56918327161642
"Precision for the Gaussian observations" 21.6965332286942 18.570188087942 5.01234845613473 71.5356102887665 10.2870952644512
"Theta1 for i" -4.77733586375879 0.21348825150474 -5.22439214220494 -4.38538942907094 -4.72682241755625
"Theta2 for i" 3.32526740659292 0.221339606494653 2.91605179859053 3.78603492693837 3.27774540901911
"Beta for j" 0.182429378647337 0.0938771172143642 0.00177467811736892 0.371837794066872 0.174287404061678
"b0" 0.0175289961016202 0.102381258384225 -0.172131849167775 0.238790071130607 0.0021248504233472
"b0pp" 4.5845710652278 0.102757499484728 4.38212713313923 4.78524708282568 4.5855100690952
"Precision for the Gaussian observations" 11731.8620211763 324160.830552866 15.1311227227071 44670.7219326393 22.5832425404411
"Theta1 for i" -5.12295976463377 0.359849155220527 -5.95384097665253 -4.58179798927406 -4.84799268254738
"Theta2 for i" 3.74358888691967 0.278434325276754 3.30682172554831 4.37820871171871 3.55704230755822
"Beta for j" 0.140575079778768 0.104559175148221 -0.0642012700999977 0.347874199310859 0.138193184405838
"b0" 0.101190691582724 0.130971058011631 -0.158324585208218 0.357089991523043 0.101529731313632
"b0pp" 4.56892514443981 0.106133274720533 4.35801867106126 4.77467749413968 4.57157546064884
"Precision for the Gaussian observations" 6.90856478515202 4.22316040238321 1.79102836595725 17.7941280873887 4.24656293692268
"Theta1 for i" -4.73929709019661 0.40910133748485 -5.54414262694463 -3.93107542699522 -4.74250980224136
"Theta2 for i" 3.53295210895055 0.341687986860063 2.86720913860107 4.21438034891872 3.51817332426067
"Beta for j" 0.203235135029654 0.139318742417871 -0.069081086848807 0.480051203504559 0.198986108088016
"b0" -0.0987625362005356 0.110042401367921 -0.324873911431178 0.112658656066285 -0.0920789848549748
"b0pp" 4.59131039437934 0.101085489532926 4.39267989394673 4.78920972739211 4.59168810061913
"Precision for the Gaussian observations" 117.79283368774 268.561504360786 8.86761917718665 656.543966979207 19.1407512306654
"Theta1 for i" -4.97087494973063 0.247851593634219 -5.50696499828586 -4.5371331413321 -4.87697776649892
"Theta2 for i" 3.58273704198228 0.227092013211606 3.17970958716181 4.06947706587315 3.50541384597707
"Beta for j" 0.0671789983683419 0.0933140630626109 -0.11840662032346 0.249387400811821 0.0703661474042901
"b0" 0.133305680608166 0.139437135032775 -0.131197143317347 0.419906078816637 0.121539154075928
"b0pp" 4.59129083263303 0.10121452619348 4.39251720652324 4.78954065438804 4.59156249278419
"Precision for the Gaussian observations" 11.4955346663091 6.22430395117583 3.32025689596537 27.1146136972636 7.80218938136144
"Theta1 for i" -4.63392348217254 0.308544225193361 -5.23355957494727 -4.01646006413941 -4.65043971116781
"Theta2 for i" 3.45726919328431 0.26906108658459 2.92481625140129 3.98642972024397 3.46034962664588
"Beta for j" 0.0384354207577355 0.129288250965856 -0.216069363377565 0.293472560913691 0.0379249042965223
"b0" -0.0816330104689162 0.112458868744954 -0.315974923146764 0.131438211238456 -0.0672681220657134
"b0pp" 4.56364501971303 0.105993252182157 4.35365178736453 4.76959608600505 4.56576555601579
"Precision for the Gaussian observations" 184.355419535806 635.995580962767 11.3421014514912 1191.29505903621 19.8684022967337
"Theta1 for i" -5.23481085571026 0.316777321979266 -5.97282904305994 -4.75436418302743 -5.01416811369789
"Theta2 for i" 3.84015701070197 0.260477548282585 3.44352490410794 4.44430171178587 3.6634567767951
"Beta for j" 0.157872992742858 0.0831256100434534 -0.0295926415782496 0.294513020280242 0.202974435285777
"b0" -0.115618648284128 0.135413289603636 -0.386338754048128 0.148183895754643 -0.112028094377837
"b0pp" 4.56639832502964 0.106079921991562 4.35605733918097 4.77244074967488 4.56859924629584
"Precision for the Gaussian observations" 25.2240170884674 10.6917571156313 8.27480381304848 48.834902702226 20.5359684026937
"Theta1 for i" -4.86644799901482 0.198265727288184 -5.26682258536582 -4.48562743736677 -4.84817264527048
"Theta2 for i" 3.42002650100271 0.19502218838647 3.04532135580426 3.81374474273316 3.40225265908926
"Beta for j" 0.206164776588169 0.0899835682706099 0.0299911279708091 0.384606548089052 0.20402502812895
"b0" -0.124070380630825 0.1219397154559 -0.368013436200951 0.117336798059737 -0.122680471476891
"b0pp" 4.59472892844798 0.100635087006515 4.3972434135706 4.79197725712916 4.59485245325183
"Precision for the Gaussian observations" 17616.7957439676 18073.3294111651 1225.18365376905 65991.2647494673 3380.56743615496
"Theta1 for i" -4.92153256004394 0.180850060442048 -5.29889536720193 -4.58823711450628 -4.88093139026642
"Theta2 for i" 3.41999980754038 0.187546844844275 3.07383688261606 3.8109212392792 3.37878139542587
"Beta for j" -0.0349202222223476 0.0719784581511619 -0.177375071689439 0.106238059544702 -0.0336992233211581
"b0" -0.00066221887682789 0.16542273274517 -0.343758760999863 0.309887458778495 0.0126873065204003
"b0pp" 4.55483188773847 0.11299471137534 4.32514633466948 4.76989728782431 4.56162683579125
"Precision for the Gaussian observations" 3.58721311990007 1.73907158568581 1.38813558508572 8.04613637213941 2.58034997025134
"Theta1 for i" -4.22224543403945 0.444870228606168 -5.13760970915561 -3.38669977128022 -4.14875720210775
"Theta2 for i" 3.06636841245998 0.368632906064686 2.37073303536759 3.82200267889968 3.01097331885722
"Beta for j" 0.253757707407405 0.155029110006892 -0.0553294646502649 0.555661969471103 0.260525155737857
"b0" -0.335179235441622 0.16457251209015 -0.664388238498773 -0.0210215549102278 -0.333246123257143
"b0pp" 4.5111892220765 0.117485322347826 4.27348640087713 4.7348224731411 4.5188010543147
"Precision for the Gaussian observations" 34.0325832844603 16.310194159908 11.4231632571261 73.8347139444023 25.2458132063191
"Theta1 for i" -4.81511179369298 0.201728775371635 -5.2172088440783 -4.42345219918489 -4.80526248155268
"Theta2 for i" 3.3409349343342 0.211581038529789 2.92985501014695 3.76221092029407 3.33123504709483
"Beta for j" 0.310640718019209 0.0834418032461731 0.14739735193839 0.476198951870043 0.308461548245149
"b0" -0.226606428517772 0.100224548329673 -0.421836931893202 -0.0212598428664402 -0.230863046107917
"b0pp" 4.57792605877987 0.102424388130435 4.37632731152324 4.77813666379894 4.57865208186704
"Precision for the Gaussian observations" 121.083773398983 232.540705785371 8.77064193180197 634.109650866917 20.9808994018136
"Theta1 for i" -5.47365042843515 0.287849157505414 -6.08340575850154 -4.94640250435645 -5.40316819029901
"Theta2 for i" 3.92167237925142 0.232656710012649 3.49521290716719 4.41439242714092 3.86512830818018
"Beta for j" 0.137826929385254 0.0789800788691136 -0.0167581215724834 0.29447761399194 0.135880117020806
"b0" -0.154399897200618 0.179723339145646 -0.526123284032117 0.186078641248731 -0.138212324113401
"b0pp" 4.50921787851033 0.123936113565795 4.25431925604748 4.74205828630634 4.520419493776
"Precision for the Gaussian observations" 7.97763133132338 4.55122460654195 2.53571310116071 19.8658461072018 5.22449963413248
"Theta1 for i" -4.38549646253457 0.254826932121108 -4.90127071670173 -3.89478975245917 -4.36329969374953
"Theta2 for i" 3.03871998348884 0.24508235335114 2.56827259093531 3.53567725060091 3.0151579926195
"Beta for j" 0.33256021854441 0.105133493261312 0.125508940380277 0.540073110233347 0.332117635542305
"b0" 0.120632068536294 0.141787186242598 -0.154566889627775 0.404907842209179 0.115874415863171
"b0pp" 4.5863284782949 0.102198332442679 4.38511144247417 4.78605678228941 4.58709587282714
"Precision for the Gaussian observations" 11.0284976930018 7.79256300924463 2.57631368012298 31.6394002256298 6.01474854730821
"Theta1 for i" -5.10066888366843 0.336532878664564 -5.78442609536885 -4.45798176643307 -5.06293195977893
"Theta2 for i" 3.66119851668413 0.27862794772494 3.13288251685957 4.23049006902404 3.62357515116994
"Beta for j" 0.099643076842629 0.0976770189343816 -0.0925699596076682 0.29229831710864 0.0992214557408287
"b0" -0.108393440558261 0.147363539599199 -0.399854486730432 0.181151035372317 -0.108618007441301
"b0pp" 4.59102331738698 0.101358115187629 4.39189076485174 4.78948824846737 4.59137041967371
"Precision for the Gaussian observations" 8.44972036335996 4.71692504984131 2.35923366771648 20.3524563508141 5.59341520998453
"Theta1 for i" -4.73092952491196 0.310095834179229 -5.35382851818628 -4.13134746400395 -4.70910912025628
"Theta2 for i" 3.44820711274783 0.284660970124066 2.90910442376414 4.03014994401573 3.40867302675133
"Beta for j" 0.0415576668183858 0.117981798865581 -0.1885139188191 0.276445820603199 0.0370202934314854
"b0" -0.100357814219044 0.141089150346665 -0.380604922124921 0.172958120309927 -0.0932066302049538
"b0pp" 4.5937839148592 0.100566796658596 4.39645113790229 4.79091248815336 4.59389136919019
"Precision for the Gaussian observations" 55.2401182302034 90.2964828527132 7.6662270232745 275.634936777575 13.9348196661247
"Theta1 for i" -5.49829576565935 0.354886833178162 -6.31176900941352 -4.92974433750455 -5.30615176595924
"Theta2 for i" 3.89548685437928 0.26202535056924 3.47522941794735 4.49453065165715 3.75403639267432
"Beta for j" -0.0243649358576711 0.0640126914993011 -0.166732863259059 0.0850507802470108 0.00456170124087834
"b0" -0.0359336289204247 0.112418946931464 -0.266458982503673 0.176743925633313 -0.0255372256054907
"b0pp" 4.57509153411183 0.10389218484041 4.36998521708029 4.77761346941667 4.57645106365781
"Precision for the Gaussian observations" 20.7962622051897 16.6820601787571 3.84622298520095 65.7100864758961 9.71606953885577
"Theta1 for i" -5.15319082035026 0.401027523393063 -5.95264254589271 -4.36412944797974 -5.14349382231039
"Theta2 for i" 3.82135855643018 0.313032856080284 3.20855405607491 4.44774781186779 3.80878147400365
"Beta for j" 0.171111064174389 0.108153525735368 -0.0400567838429151 0.387072729148209 0.166868843615581
"b0" -0.273359958054729 0.149251662762692 -0.5752359069478 0.0077991227120961 -0.262952543293248
"b0pp" 4.58579872006382 0.102456198844314 4.38408370195889 4.78602903962642 4.58658129838307
"Precision for the Gaussian observations" 8.22855963053665 4.49572416734037 1.97178361341835 19.3441148611122 5.38135769297367
"Theta1 for i" -4.76627820102752 0.470952307770027 -5.58959992219114 -3.73132214558943 -4.95262548525855
"Theta2 for i" 3.51107190029062 0.369956544752343 2.69976905442731 4.15952760890023 3.65445330448766
"Beta for j" 0.0989484096206348 0.112735098717902 -0.10173927684115 0.34152840203676 0.062443180502304
"b0" -0.116735620212135 0.194201565859885 -0.493520115664738 0.282010135711251 -0.126474107402937
"b0pp" 4.59453726766847 0.14082509077898 4.31645082080566 4.87698107340336 4.5929814457946
"Precision for the Gaussian observations" 1.40256323327545 0.320155698214041 0.850288528590202 2.12276671811214 1.33042238363495
"Theta1 for i" -3.08646194339091 0.52367352193638 -4.09937954715455 -2.00053349030517 -3.1508655344856
"Theta2 for i" 2.20581439104211 0.376518501498777 1.42585093762918 2.93274048699085 2.25129575289007
"Beta for j" 0.546967903537845 0.204565463989165 0.154391670366032 0.969984741705603 0.522720115804315
"b0" -0.108016909741408 0.123051492996118 -0.352209305849177 0.132726015772751 -0.106538230975732
"b0pp" 4.56989835240793 0.106020862626605 4.3593407685016 4.77557208155481 4.57236211581052
"Precision for the Gaussian observations" 4.79615773190599 2.58064861768527 1.6693221750498 11.4805178682626 3.25518704862521
"Theta1 for i" -4.55250555841056 0.42374962455808 -5.4215532466652 -3.75392395061125 -4.48711094094675
"Theta2 for i" 3.45806841795118 0.323279525022852 2.84253102199901 4.11555464113604 3.41902018182697
"Beta for j" 0.235795519204891 0.161166121479206 -0.084474338067903 0.550546390516682 0.240977083960106
"b0" -0.236972777501801 0.13743966907307 -0.505460567502279 0.0348629793840954 -0.240581364688607
"b0pp" 4.57697558930608 0.105335078073307 4.36798757162092 4.78155389367119 4.57916395062118
"Precision for the Gaussian observations" 3.91428967032785 1.94006104795693 1.52829173723666 8.92180904551935 2.7633943014839
"Theta1 for i" -4.56451865287195 0.446775096708272 -5.50603900612804 -3.75508145124267 -4.44057533601546
"Theta2 for i" 3.41759515531946 0.344815589656236 2.78299242054269 4.13660551766238 3.33838913821191
"Beta for j" 0.214384834101564 0.16397176462443 -0.112678407990324 0.533335940346966 0.221973052784394
"b0" -0.168190839107139 0.117721353737185 -0.397930518975439 0.0674434246420365 -0.170298761940593
"b0pp" 4.58864433094597 0.101819899998178 4.38842109004564 4.78785216425702 4.58917006359112
"Precision for the Gaussian observations" 11.411214515955 7.20938608906949 2.59882805557432 30.0600743683317 6.66800800948386
"Theta1 for i" -4.74500638790183 0.450012079290849 -5.5878875942927 -3.8071058394399 -4.82659219115891
"Theta2 for i" 3.57607460723021 0.351804507010696 2.84556133433198 4.23799354433726 3.6355738696338
"Beta for j" 0.11051122655161 0.121174204497234 -0.12352903215332 0.354176937578132 0.101520660193871
"b0" -0.260695674388581 0.114946995153963 -0.48738511916825 -0.0203925312762417 -0.27087172710544
"b0pp" 4.58236859539809 0.102692792618372 4.3799897310379 4.78288505925894 4.5833387506657
"Precision for the Gaussian observations" 368.271622351149 2595.72322622891 7.95899199299851 2402.05985353485 14.2831444018895
"Theta1 for i" -5.39733112724694 0.392373646741493 -6.26682505554578 -4.74526862814538 -5.19404599420447
"Theta2 for i" 3.88060672296356 0.297281037696203 3.37387787257052 4.53163076932639 3.74573995160625
"Beta for j" 0.13089141240755 0.0924363772437272 -0.0493281706617902 0.314889115238209 0.12734565680411
"b0" 0.0523334274119745 0.121939822222951 -0.184677510156441 0.300790307593236 0.0429278082063949
"b0pp" 4.58650087597832 0.102186289553516 4.38537001015115 4.78625789297452 4.5872112014309
"Precision for the Gaussian observations" 62.1938563299134 133.014200564283 6.3181827716018 329.876628997839 11.7595405287026
"Theta1 for i" -4.94554613393761 0.339035377535086 -5.68389299803183 -4.36410116521965 -4.79734400684536
"Theta2 for i" 3.57859218122283 0.282352290694054 3.08639572135372 4.18830164768026 3.46848171190054
"Beta for j" 0.113372257086456 0.102522684778064 -0.0901222232331107 0.313878555107529 0.11618633360862
"b0" -0.225470596474899 0.133349545599543 -0.489548230150495 0.0367616138250227 -0.223585796638657
"b0pp" 4.58967414601226 0.101289385650364 4.39071001032768 4.78802377716894 4.58999664320669
"Precision for the Gaussian observations" 30.5030223510337 29.8366320102232 4.53845155313615 110.629780963359 11.4935118804476
"Theta1 for i" -5.08053389629751 0.296852605813027 -5.69032956601952 -4.5169943670477 -5.03900428109965
"Theta2 for i" 3.69636161421701 0.2466521777484 3.23459844773026 4.20770805914645 3.65171978604853
"Beta for j" 0.0598197221186166 0.096063483436276 -0.130988097677165 0.247767630502676 0.0625211256576679
"b0" -0.492880476791568 0.274371971669982 -1.09406268972146 0.00642884640840186 -0.441448019665884
"b0pp" 4.49821065607038 0.14751726602306 4.17952627845297 4.76386314699658 4.52365638583303
"Precision for the Gaussian observations" 2.60907365478555 0.835872425356526 1.30421867274065 4.57252800979002 2.28960053758847
"Theta1 for i" -3.59724309306849 0.379870947426046 -4.3258824231973 -2.82349922112982 -3.63797434960342
"Theta2 for i" 2.33002157669149 0.400473326472224 1.51487695604076 3.09843136894784 2.37211445502639
"Beta for j" 0.35069395865092 0.126723260056526 0.102315799828871 0.602456942788184 0.347592047978762
"b0" 0.103969061587976 0.144567647909472 -0.183880814352554 0.387893041558082 0.106024575160349
"b0pp" 4.58630584493365 0.102840584430126 4.38356665352058 4.78708263939967 4.58730189674095
"Precision for the Gaussian observations" 5.0090815327508 2.40730338782658 1.64885050400403 10.8998960760947 3.71159965547766
"Theta1 for i" -4.36825091808777 0.436758360230336 -5.18732349094245 -3.4689289241019 -4.44252783882278
"Theta2 for i" 3.24739857186209 0.35826323417219 2.51696981849016 3.92768005206968 3.29398562674475
"Beta for j" 0.0741111842653721 0.141278581185625 -0.201359024653402 0.355379205516217 0.0686545076762518
"b0" -0.172508520618406 0.131837372194844 -0.455967738807746 0.0678993950940599 -0.151321359289035
"b0pp" 4.54648328935452 0.12742208083827 4.27990207794551 4.78200785588244 4.56051668651546
"Precision for the Gaussian observations" 1.45308319425338 0.228922794670143 1.04383452957679 1.94344498979927 1.41800218363997
"Theta1 for i" -1.40940483247409 1.11168926064564 -3.53038570394048 0.849058573924065 -1.53711703760347
"Theta2 for i" 1.27000116981697 1.11325103571963 -0.983139347655375 3.40339921855349 1.38158277328632
"Beta for j" 0.830944150232116 0.319494257874527 0.217501468560332 1.47573773883683 0.801743994203458
"b0" -0.00439038515436617 0.171552185090067 -0.341418662992219 0.329423290998842 -0.00764180229039655
"b0pp" 4.59000962195463 0.101398708849959 4.3908499426532 4.78858903337714 4.59031644413582
"Precision for the Gaussian observations" 10.4353770944587 7.69919021960816 2.14380002912168 30.8827083948864 5.3353870270488
"Theta1 for i" -4.87373498891234 0.359719525884401 -5.58861866911321 -4.16706442533667 -4.86650510096456
"Theta2 for i" 3.49559289061601 0.300629676235585 2.91384075997365 4.10134592300198 3.47441525351117
"Beta for j" 0.00142552549052504 0.112353295744723 -0.218821307947059 0.224728361126369 -0.00133509444468662
"b0" -0.0682387910914459 0.114988803304251 -0.299514316911005 0.1570754058315 -0.0653414244049556
"b0pp" 4.58440340727642 0.102153844555078 4.38334644972855 4.78409775353897 4.58511071712832
"Precision for the Gaussian observations" 537.681959992948 3333.50900430321 14.4896563609656 3663.20374262656 25.0445956398266
"Theta1 for i" -5.352553875026 0.242825449459142 -5.90763061963183 -4.97234074998608 -5.19094178915992
"Theta2 for i" 3.79989852083421 0.207247936920546 3.46041890098237 4.26311514931006 3.68595277568
"Beta for j" 0.100788030355576 0.0728641308985897 -0.0499365047281718 0.237300184425913 0.113608160161324
"b0" -0.0381766271235484 0.146870862252868 -0.327397235569667 0.251902629060325 -0.0387506210228955
"b0pp" 4.57704851450223 0.104630515192535 4.36991765133648 4.78057308297377 4.57889051366162
"Precision for the Gaussian observations" 4.78169066051454 2.713380382947 1.45947992430843 11.78506488238 3.14595013484559
"Theta1 for i" -4.74834160178326 0.390814121769291 -5.52721548376246 -3.98597032605304 -4.73284095178646
"Theta2 for i" 3.47857713235823 0.295664975341756 2.90648438924372 4.0719826631833 3.45858060068578
"Beta for j" 0.165553937148248 0.128352870906958 -0.0875918106524811 0.418309189924443 0.165931120902209
"b0" -0.0350882542243621 0.191520149476679 -0.406855072178544 0.355691560568067 -0.0434790092018031
"b0pp" 4.5749493856175 0.11091758581731 4.35309801353426 4.7892073042461 4.57864957430522
"Precision for the Gaussian observations" 5.63678805677935 2.86008863778242 2.15139565725203 13.0463822046434 3.93117739731126
"Theta1 for i" -4.24254517933862 0.313750893779551 -4.89529010412788 -3.66225847201767 -4.1754650491415
"Theta2 for i" 2.88658383142394 0.303106642238048 2.32293092584849 3.51472455382522 2.82696863848743
"Beta for j" 0.224168955279739 0.109480834641017 0.00900380466135076 0.440382421244368 0.223178097617144
"b0" -0.235288016891196 0.145249895065624 -0.520302986294051 0.0546904131951296 -0.237790394996598
"b0pp" 4.57962198545951 0.103802104813944 4.37451364235319 4.78183779997381 4.58111876233943
"Precision for the Gaussian observations" 10.9561664947239 8.22163817261909 2.55074972535454 32.8189372043667 5.7294224889216
"Theta1 for i" -4.87858379438037 0.331752683798652 -5.56432915426433 -4.25876117165955 -4.81842520328788
"Theta2 for i" 3.55271390813621 0.290857078647368 3.01321986889531 4.15717097971257 3.49334442440599
"Beta for j" 0.138987284942558 0.113316030262125 -0.0841287440128752 0.362454813162578 0.138648324474624
"b0" -0.177972874388245 0.161820568853641 -0.491659965501859 0.150337916568936 -0.184403685883937
"b0pp" 4.56931952780586 0.110125828297673 4.34907784009803 4.78183742910706 4.573187377871
"Precision for the Gaussian observations" 4.10392641453393 1.87895305107659 1.65425731556857 8.87284975653239 3.04871976664083
"Theta1 for i" -4.25200371264004 0.359968626561389 -4.98638997501772 -3.56923271688513 -4.20400886580192
"Theta2 for i" 3.07364161441823 0.302105750895744 2.49694235328773 3.68667322828832 3.03979000347207
"Beta for j" 0.265954179028086 0.130093419002973 0.00916535832711601 0.521742750440816 0.266900532577576
"b0" 0.119809971095912 0.130123717713103 -0.141327830400901 0.368343506469005 0.128766457321614
"b0pp" 4.58673647393274 0.103058847848304 4.38367380823234 4.78804330441019 4.58763652338653
"Precision for the Gaussian observations" 48.4828434236253 57.8195656837623 9.01322628656854 199.576288208289 16.8591143671986
"Theta1 for i" -4.6092060038954 0.284324047612019 -5.24575355205851 -4.12938899526918 -4.47450839691079
"Theta2 for i" 3.4307802621199 0.246463649291328 3.01336058766687 3.98147225075257 3.31471261075368
"Beta for j" 0.084417153153831 0.12285700338532 -0.187335999530129 0.296248835718049 0.137362880085532
"b0" 0.0691982851207764 0.136792222641459 -0.204528802013701 0.335995049404136 0.0733695814549873
"b0pp" 4.56492764704938 0.109211723183413 4.34643939398171 4.77549690853008 4.56891000185717
"Precision for the Gaussian observations" 6.4910299184405 3.18738730374856 2.45123622157437 14.6466471424911 4.65236506857255
"Theta1 for i" -4.21597326525058 0.325841733289327 -4.88161290148647 -3.59916003021517 -4.17053809938675
"Theta2 for i" 3.1521878664547 0.273628644916309 2.63193358313638 3.70923725202031 3.11793934721037
"Beta for j" 0.270359867309239 0.149266128733194 -0.0250195396011335 0.563176665274792 0.27277813019245
"b0" -0.363585794553219 0.19818118436566 -0.764873688170752 0.0266779186037601 -0.356791762672003
"b0pp" 4.57499506090849 0.109524541440919 4.35463705852041 4.78547221152518 4.57959975613649
"Precision for the Gaussian observations" 3.6005093588617 1.23582546898876 1.77084639466235 6.57779234082316 3.04103796539405
"Theta1 for i" -3.84587077155407 0.306158994514615 -4.45305616220383 -3.24676851270183 -3.83827979510673
"Theta2 for i" 2.658832852264 0.30626542442486 2.05872836421954 3.26543267226662 2.65272814035578
"Beta for j" 0.175956829017352 0.131410948159349 -0.0800857452568415 0.437703052791507 0.170603958606204
"b0" 0.183110128694421 0.173643624278531 -0.151836207001294 0.537697450790091 0.172998805266935
"b0pp" 4.5909138632347 0.102786243470016 4.38844056599824 4.79177564319384 4.59171492225024
"Precision for the Gaussian observations" 9.44121790599661 5.10247287609991 3.3678311994145 22.7187903067194 6.36322732080823
"Theta1 for i" -4.31185568854163 0.245164768085893 -4.80866312671002 -3.84300031793383 -4.28579156284954
"Theta2 for i" 3.02345858353912 0.244007917589707 2.55214375012633 3.5136344773316 3.00577556191839
"Beta for j" 0.0945060260387155 0.113614372013401 -0.128021377492031 0.319674895475198 0.0920177983152694
"b0" -0.12666596731419 0.147208724303993 -0.427078772455944 0.157266530077345 -0.118049893302071
"b0pp" 4.56102454498147 0.1092359005839 4.34235255455435 4.77146996603654 4.56520761775111
"Precision for the Gaussian observations" 15.3159317926342 8.99176391185666 4.17490187719267 38.33611643503 9.75629355686755
"Theta1 for i" -4.42267780484379 0.253550275828488 -4.93127733339681 -3.9321346012516 -4.40573126515834
"Theta2 for i" 3.16777178709433 0.254379880111621 2.68128425138275 3.68338502810103 3.14063053594843
"Beta for j" 0.225043051323738 0.112339927837551 0.00507311359451257 0.447755546825315 0.222459126320028
"b0" -0.0870221874779139 0.1332983390849 -0.349092080327397 0.177498216711883 -0.0881393001925217
"b0pp" 4.58986026402512 0.101820250534608 4.38958487056799 4.78903349773749 4.5904230457686
"Precision for the Gaussian observations" 8.16558758765878 5.43920553341843 2.30602500560942 22.5853267597638 4.768327037652
"Theta1 for i" -4.55011086275297 0.350636688732308 -5.27572432586109 -3.89569829054491 -4.48533039145402
"Theta2 for i" 3.34323266341164 0.28773372685371 2.80709261127277 3.9392042232477 3.28864771224238
"Beta for j" 0.0853573208695571 0.121877174524093 -0.155893745257534 0.324377958295708 0.0874618235712698
"b0" 0.0307642389209712 0.114203137909998 -0.19362947672912 0.256896845161766 0.0308459099251935
"b0pp" 4.5891359322272 0.101248772789034 4.39023161249433 4.7873906431474 4.58947477277025
"Precision for the Gaussian observations" 5.34017756716921 2.11976909388041 2.13624197499769 10.3798445940339 4.40448761074948
"Theta1 for i" -4.99818832631542 0.525027094881525 -5.95812279968328 -3.88670802416365 -5.12979042440104
"Theta2 for i" 3.84377118509741 0.383845517899287 3.03219877170983 4.54682009659825 3.93823192368818
"Beta for j" 0.0775711853976669 0.13484673461584 -0.185776537673684 0.345621552569202 0.0731420300638991
"b0" -0.103777091550027 0.109225291566437 -0.320415406705579 0.109448606712614 -0.101377759404983
"b0pp" 4.585561936131 0.10192614024734 4.38497333350915 4.78485099634273 4.58622947315671
"Precision for the Gaussian observations" 6.39339801101398 4.38941728638649 0.998566163475968 17.4424675385234 2.95165247763964
"Theta1 for i" -4.64533446850918 0.796950751782543 -5.91305051316292 -2.84861335294896 -5.14895971445822
"Theta2 for i" 3.5551693473378 0.562337989797615 2.30172554553434 4.47623939186626 3.86765262693228
"Beta for j" 0.153291494517391 0.121143331807054 -0.0745517417931576 0.402331423551916 0.133815349754477
"b0" 0.170743756737399 0.151259064975225 -0.134742835837905 0.464331111009082 0.177366675603502
"b0pp" 4.59261477931217 0.101108105130821 4.3940796260801 4.79068421071553 4.5928558105992
"Precision for the Gaussian observations" 22.6702864293276 15.0284570798971 5.19027815441678 61.7519439032629 12.8261542257162
"Theta1 for i" -4.6720094420135 0.238881957234492 -5.14682407692316 -4.20475851785746 -4.66488555552773
"Theta2 for i" 3.31731073189291 0.225812171791443 2.87834121478272 3.76870994666921 3.30563614086448
"Beta for j" -0.030057805783948 0.0996445372163091 -0.22538899288801 0.167308091174083 -0.0319795560842435
"b0" 0.0814444220724137 0.142111644897238 -0.195999241439227 0.359640845557686 0.0809803990180239
"b0pp" 4.59112260147657 0.100812458029137 4.39324168226174 4.78867086760059 4.59129792088462
"Precision for the Gaussian observations" 26.7641621935552 16.4913500197613 8.71790882014461 70.2134118946145 16.513338148817
"Theta1 for i" -5.47946305035165 0.323949441375372 -6.16297499789866 -4.89127202647923 -5.39165492069043
"Theta2 for i" 3.87453591249393 0.269453856105438 3.38434502630105 4.44229895788703 3.80312493533226
"Beta for j" 0.0358843752941708 0.0829257561287605 -0.127243710558337 0.199488435402819 0.0354325952743453
"b0" -0.0236283566819065 0.149652820075242 -0.317919709141195 0.27259746305679 -0.02426572669628
"b0pp" 4.58914586490528 0.101704746303425 4.38911533092327 4.78809894188633 4.58970063338152
"Precision for the Gaussian observations" 9.65054082748756 4.99240436507758 3.22597387690235 22.3612759946455 6.77147676107777
"Theta1 for i" -5.08286101323141 0.273329914632947 -5.65599322060692 -4.5815533609411 -5.01703257127202
"Theta2 for i" 3.62137657657926 0.252617400173907 3.15991675197909 4.15262972236758 3.55728388099438
"Beta for j" 0.0801498821260124 0.0962815928917201 -0.108981419612585 0.270403870557057 0.0790893073188463
"b0" -0.138531392337428 0.10368328920504 -0.363313874840636 0.0447175350853805 -0.108619865047609
"b0pp" 4.59022078443985 0.100911904256819 4.39205074679106 4.78788891727224 4.59047917037351
"Precision for the Gaussian observations" 97.7114171360849 172.293463784135 11.9109088164095 545.981903056152 24.3218566203836
"Theta1 for i" -5.20170724278359 0.279459249182889 -5.88123495857392 -4.7238914170959 -5.03236166509033
"Theta2 for i" 3.85109976205056 0.219407373404832 3.4771055878877 4.38353006254796 3.71784503629592
"Beta for j" 0.0346393276845822 0.0728747171667012 -0.140745478237629 0.157557254495351 0.0789831519417369
"b0" -0.275385076187889 0.129124887872528 -0.531687357523022 -0.0270873249792144 -0.270971212223161
"b0pp" 4.58193512746901 0.102796407965386 4.37931819143056 4.78261891694913 4.58295317373032
"Precision for the Gaussian observations" 8.5849401229101 5.41042228875657 1.71230008569215 22.1976704129997 4.77088678336645
"Theta1 for i" -4.8381833353052 0.561445422623747 -5.83301261942939 -3.63105923916173 -5.03044294375033
"Theta2 for i" 3.62717587188711 0.433230379289882 2.7028269536892 4.40472854626415 3.76081968378818
"Beta for j" 0.128161333430485 0.131256400408731 -0.116364048620941 0.400126038789911 0.10317186456605
"b0" 0.0974806495020847 0.141798312775256 -0.179159386974619 0.37921428598237 0.0956493232342243
"b0pp" 4.58226749866403 0.10322022323641 4.37863108393791 4.7836371828483 4.58343716444408
"Precision for the Gaussian observations" 9.08047396638771 6.03746028600057 2.21415921456028 24.9257637624724 5.21177438446616
"Theta1 for i" -4.89430700858862 0.304089657045364 -5.50288267278124 -4.30263401229982 -4.87901590085686
"Theta2 for i" 3.56880474065687 0.247522303582932 3.09352279132549 4.06941406612751 3.54546132695884
"Beta for j" 0.140062742832225 0.109158863960626 -0.0760163267044757 0.354147371422136 0.141945383805046
"b0" -0.0892590251198096 0.143321440721789 -0.361803462120262 0.199083089016201 -0.100578564606198
"b0pp" 4.58861495844094 0.101476084356739 4.38920812921941 4.78726429591239 4.58901081394236
"Precision for the Gaussian observations" 6.18752675627003 3.97549185492648 1.72851694995049 16.6900998385888 3.70773133436053
"Theta1 for i" -4.98159985035452 0.362081792931753 -5.73837467234725 -4.31400651536614 -4.90008015605845
"Theta2 for i" 3.70448282996195 0.302832430871818 3.16288818470442 4.34987034594444 3.60847659321261
"Beta for j" 0.0599343422525445 0.126556388780693 -0.188902237653092 0.31025667014687 0.0585296005718156
"b0" 0.0958531826312998 0.152747570493198 -0.20432772710461 0.402208691350476 0.0944591875928135
"b0pp" 4.58974538934913 0.101720111362084 4.38970425280144 4.78875550622095 4.59026997514209
"Precision for the Gaussian observations" 10.6553694889391 11.9672907534486 2.18611633341312 41.3859619720368 3.96920072321072
"Theta1 for i" -4.99289516573153 0.527975989852069 -6.16791592363544 -4.12314284695045 -4.70930633920017
"Theta2 for i" 3.60785655452585 0.39928386551356 2.94206373493122 4.49166145879861 3.40508955624142
"Beta for j" 0.0661968383487871 0.118853886610081 -0.166971552515692 0.30145629241065 0.0642191265476843
"b0" -0.279761559908365 0.138856145547494 -0.555177187850608 -0.00646088491271518 -0.278203433716969
"b0pp" 4.57378940250077 0.105476143923311 4.36465313300013 4.77864766545402 4.57600415219377
"Precision for the Gaussian observations" 11.7913676129865 7.19302655043247 3.47740837012126 30.5973544048652 7.35479370675013
"Theta1 for i" -4.69251581092962 0.238798687074865 -5.18256206120265 -4.2425181726328 -4.65556769890293
"Theta2 for i" 3.39852960276371 0.224805263853045 2.97585925667135 3.86067668104128 3.36213666053926
"Beta for j" 0.186703416171181 0.109327955350914 -0.0283217225443962 0.402533163982982 0.185938419714162
"b0" -0.0487875833517893 0.168216546405062 -0.363195014338603 0.302574393788609 -0.0668014170857816
"b0pp" 4.59214576832313 0.102307959055743 4.39094494301339 4.79233525785567 4.59265936148739
"Precision for the Gaussian observations" 4.22633903461365 1.73148558473809 1.73334248676605 8.4376408063121 3.38920002641956
"Theta1 for i" -4.39682997664998 0.338261497417092 -5.05321195782448 -3.72050028641905 -4.41549994926741
"Theta2 for i" 3.18429029984434 0.299331559683142 2.59040803822109 3.76981231979431 3.19214305757907
"Beta for j" 0.0974531701801242 0.131643620312843 -0.159508452056286 0.359281600324736 0.0928682287739106
"b0" 0.157884912398511 0.102615683906506 -0.0821172966593102 0.332338930666424 0.182348704780828
"b0pp" 4.59108570216743 0.100328694413761 4.39430672684141 4.78782700208005 4.59110568390151
"Precision for the Gaussian observations" 80.7800682668372 177.057676965879 7.96855971187408 448.946918237821 14.5818585827316
"Theta1 for i" -6.75016297789996 0.413195232237316 -7.70336717235678 -5.97663992815764 -6.64655541892812
"Theta2 for i" 4.76643254743404 0.248060187972812 4.30308340844474 5.33708109158395 4.70574413384323
"Beta for j" -0.0054743752134898 0.0629720270499549 -0.144819015727038 0.102685227558355 0.0222082039634937
"b0" -0.147342982585409 0.179944363220252 -0.502510163521479 0.211728996080332 -0.148432371101347
"b0pp" 4.56725577018441 0.108821928259956 4.34955107214614 4.77711882552337 4.57116640981766
"Precision for the Gaussian observations" 4.67872325349843 1.96479621734915 1.94701957791772 9.53574986146843 3.66947179987432
"Theta1 for i" -4.43880064594503 0.285010319722881 -5.00487673393192 -3.88246777245871 -4.42979698866903
"Theta2 for i" 3.06161249378113 0.276668691871348 2.52239415518478 3.61205126719744 3.05121856478878
"Beta for j" 0.197158036917516 0.106226738579987 -0.0103836350003404 0.408226792876205 0.193835974062355
"b0" 0.0358634751142671 0.139986990284347 -0.237609738556553 0.315672349310597 0.0331929994144496
"b0pp" 4.57539750336134 0.105215822910546 4.36691824505338 4.77985737802541 4.57750821797726
"Precision for the Gaussian observations" 20.4029511783011 13.5632871341115 4.98478418367105 55.9187617303811 11.7093537379173
"Theta1 for i" -4.79894202101203 0.236724556264485 -5.28411535879758 -4.35191702849097 -4.76390033121218
"Theta2 for i" 3.46959175619108 0.229984823911828 3.03566063875985 3.94127376436643 3.43493647085377
"Beta for j" 0.172387652598407 0.113449211953846 -0.0541109172381408 0.393038491533783 0.177897456593863
"b0" 0.0657802904939774 0.135327860006236 -0.207757151187584 0.325910857154396 0.0733449310139571
"b0pp" 4.57913599783963 0.10348882709788 4.37477840404214 4.78085634394039 4.58050335104643
"Precision for the Gaussian observations" 12.7074903466165 7.81148265958176 3.47510211174467 32.9849199934164 7.84079596921458
"Theta1 for i" -5.01451029281008 0.317868707684712 -5.67275934860023 -4.42230817752288 -4.95400593278651
"Theta2 for i" 3.66150821268303 0.280963450749862 3.14238354086206 4.24695506974748 3.60074701073176
"Beta for j" 0.12577530763818 0.109876548869388 -0.0906766427492263 0.342381687505358 0.125622037165105
"b0" -0.00126097601055652 0.137923411924531 -0.273972568481985 0.270408049788337 -0.000101481853252108
"b0pp" 4.57248207189917 0.107187439033212 4.35934830338262 4.780254562849 4.57519519156435
"Precision for the Gaussian observations" 5.9107559626049 3.00912006729168 1.93519205317864 13.4734640805513 4.20196811199494
"Theta1 for i" -4.53454228244131 0.357118522816706 -5.23451152434359 -3.82740644131994 -4.54128417300423
"Theta2 for i" 3.34129838661486 0.309464754630175 2.73505157129279 3.95444264264966 3.33480603567222
"Beta for j" 0.239822214156355 0.136672799999296 -0.0283801308976871 0.510148452744744 0.237820338470673
"b0" -0.109318811836132 0.153560087248205 -0.420656558459079 0.18698502438258 -0.100085536942867
"b0pp" 4.59397700247785 0.100849462506522 4.3959876364304 4.7915699278142 4.59418382730819
"Precision for the Gaussian observations" 36.8699332616733 20.0060822145366 8.10223313317332 82.9922287071308 23.4026904809864
"Theta1 for i" -4.8532088402148 0.212657974638211 -5.29155810941261 -4.45432629707421 -4.81726404238993
"Theta2 for i" 3.36205558217318 0.226887315445654 2.93646632425583 3.82970843630124 3.32373374511726
"Beta for j" 0.018996623703946 0.0814639544662524 -0.139740412398809 0.181241932967493 0.0157051187128707
"b0" -0.162717450010173 0.14304314685656 -0.453059313158768 0.111110240029729 -0.152382383424821
"b0pp" 4.56335799762011 0.105666143546372 4.35409112174906 4.76874421319892 4.56539674406557
"Precision for the Gaussian observations" 37.5003875479834 34.7280488684677 7.3861909919187 133.567751264849 16.2020089998427
"Theta1 for i" -5.06543354293522 0.219537200434065 -5.53561981398169 -4.65469432394326 -5.01479911793616
"Theta2 for i" 3.56943487677643 0.187492069373118 3.21961918049217 3.97042736169043 3.52600728870948
"Beta for j" 0.141754441112031 0.0671319192039447 0.0032112313088937 0.26895860262071 0.151804962915176
"b0" 0.0433949744747196 0.153394600166453 -0.254683453591044 0.35185731227264 0.038202814636493
"b0pp" 4.56639317243883 0.109020037676131 4.34856738320447 4.77678782561366 4.57019624456196
"Precision for the Gaussian observations" 7.38286322586945 3.53529626947005 2.7837615477728 16.3529464720092 5.39353688227901
"Theta1 for i" -4.51401155612557 0.255054134555829 -5.03099543562058 -4.02628077163694 -4.48674556225001
"Theta2 for i" 3.24596983030947 0.239951605304447 2.78873999227422 3.73379695712121 3.21750764767593
"Beta for j" 0.251722134498861 0.120029436132946 0.0165296723101499 0.489484653468655 0.249302598578295
"b0" -0.119856505305452 0.141836707612648 -0.398408544274354 0.161397216544382 -0.12129771454176
"b0pp" 4.58911185104258 0.101794496691694 4.38891996773703 4.78825012919471 4.5896589337942
"Precision for the Gaussian observations" 13.2209112217877 8.01649619069889 3.47092844787842 33.8648143250312 8.18957987015357
"Theta1 for i" -4.76610473736362 0.258480778292579 -5.30600190426426 -4.29016858431212 -4.70741586333541
"Theta2 for i" 3.46772826662574 0.252122922846661 3.00766082532573 3.99769372559694 3.40340198230484
"Beta for j" 0.070887607536534 0.114735710210059 -0.154390328774331 0.297798155634068 0.0693421671677407
"b0" 0.00448541937212573 0.16980194183051 -0.334020304120458 0.342058488996919 0.00540532694684531
"b0pp" 4.56916378580538 0.110239861029618 4.34748993600382 4.78098169301736 4.57393974898448
"Precision for the Gaussian observations" 3.94835435334279 1.33498384350678 1.96256032175447 7.15620631454716 3.35114120793066
"Theta1 for i" -4.02697817644318 0.340513018641557 -4.7113367177401 -3.37036810575883 -4.00118905718611
"Theta2 for i" 2.8926561009021 0.322188410395318 2.27034926884839 3.53924541654264 2.87007919967989
"Beta for j" 0.236234985597078 0.137641814634623 -0.0327540223731578 0.509623270046298 0.232095420309251
"b0" 0.050710377662672 0.196657690592738 -0.330223103978454 0.444829194007034 0.0488979605978562
"b0pp" 4.57691787394396 0.10819617433591 4.36105183697924 4.78610255960493 4.58029097278137
"Precision for the Gaussian observations" 12.1623097385692 8.92337235530408 3.33366780111376 35.8989282099782 6.58599976351463
"Theta1 for i" -4.5121721115686 0.289779167172376 -5.11997829893196 -3.98280787604232 -4.43912242748518
"Theta2 for i" 3.12572801731752 0.267768829349121 2.63222781779988 3.68412129729158 3.06552790103801
"Beta for j" 0.19234208226725 0.110049559042426 -0.024948419310823 0.408754728196356 0.193176179189311
"b0" -0.134613497678867 0.1416495427487 -0.426162562477526 0.13472766418041 -0.122677231441891
"b0pp" 4.56922281374188 0.106702516431801 4.35671784651925 4.77568432302179 4.57232716065035
"Precision for the Gaussian observations" 155.009387490612 368.108291267525 10.0248405614122 865.767589799299 22.4291438159757
"Theta1 for i" -4.66098415865705 0.188371125243437 -5.04438393485481 -4.30238087843088 -4.63798847203412
"Theta2 for i" 3.28884980575145 0.195308938553642 2.9155172032292 3.6850557010683 3.26760003957572
"Beta for j" 0.187454547549108 0.0974833125715855 -0.00608686766091693 0.378083008818285 0.190200854537889
"b0" -0.313188577828833 0.150129955032253 -0.611428187155792 -0.018802436397588 -0.310882391341741
"b0pp" 4.57290792320668 0.105262190241244 4.36418207211107 4.77735634311414 4.57509082715219
"Precision for the Gaussian observations" 6.68439118072561 4.67252022599939 1.82834050427413 19.1484171350498 3.75842157942339
"Theta1 for i" -4.87008453764911 0.401343315453697 -5.71313910385386 -4.13401180159011 -4.77198091378021
"Theta2 for i" 3.51252409383096 0.326319166209545 2.91774281813257 4.20031081719309 3.42701681271472
"Beta for j" 0.154332798641368 0.118547820544626 -0.0822595629022888 0.385153536438671 0.159765774504297
"b0" 0.177477016575981 0.149484722884262 -0.120566211774007 0.474725237342853 0.178553295714015
"b0pp" 4.58577187143512 0.102249893120745 4.38463859007115 4.78574330952251 4.58638485456133
"Precision for the Gaussian observations" 33.1615351812506 69.4000279393328 0.316386293221436 197.111160458258 0.283453221251135
"Theta1 for i" -5.10044928803831 0.242022973532266 -5.61736015461591 -4.67046932591359 -5.0195669394949
"Theta2 for i" 3.52247898273724 0.239073727281215 3.09667390199881 4.03227198036921 3.44434720402245
"Beta for j" -0.0681412078955791 0.0763076610030902 -0.216630162228268 0.0840056442778906 -0.0715628133127332
"b0" -0.0376801258339359 0.118231320345718 -0.270857739186456 0.195873586957362 -0.037679837307306
"b0pp" 4.57887420744755 0.103425216004037 4.37474974215131 4.78055744334034 4.58014013833323
"Precision for the Gaussian observations" 13.2883433598879 10.6757925471882 2.68059841298264 41.6960095718838 6.38676252409847
"Theta1 for i" -4.99709855073814 0.445927463857346 -5.90679026920802 -4.15014384278895 -4.93926536372058
"Theta2 for i" 3.73209431935068 0.352482749022418 3.06732291914471 4.45521144654791 3.67849568217212
"Beta for j" 0.151665202538759 0.119107635519253 -0.0829017394648051 0.386421891749754 0.151478718209341
"b0" 0.0740458209390144 0.16895614165883 -0.26023553828069 0.409378671301793 0.073392199752285
"b0pp" 4.57857024523316 0.104469621046013 4.37170482239758 4.78174449007208 4.5804469271124
"Precision for the Gaussian observations" 12.7653512857133 12.1494081749775 2.6678671932161 44.8214183382988 5.49448691190621
"Theta1 for i" -4.88226244136075 0.277722675584016 -5.46822424414743 -4.37887191416447 -4.8058163741366
"Theta2 for i" 3.35871296426009 0.243721564866982 2.9134815726486 3.87025795634242 3.29738488047716
"Beta for j" 0.129472277166727 0.0883938099534097 -0.0439549064000556 0.304355695831098 0.12809881843443
"b0" 0.0124335369962395 0.135270230157382 -0.25587433661651 0.275969484680956 0.0153248401668614
"b0pp" 4.56289478108803 0.106940816468245 4.35036551605827 4.77017812755605 4.56558903252671
"Precision for the Gaussian observations" 4.45574995155179 2.6018984700292 1.12716952999999 11.0187804444614 2.81224621560415
"Theta1 for i" -4.94628931403054 0.469164487537648 -5.82807692075226 -3.98133040645544 -5.02273602871706
"Theta2 for i" 3.64243246040289 0.355833238567906 2.91988348041203 4.32188050362374 3.68241500938288
"Beta for j" 0.233277985982541 0.124061355587451 -0.00474825183483144 0.484013077775401 0.221406976966798
"b0" -0.318211667608128 0.133838812921898 -0.582488886266218 -0.0585501795153286 -0.31652240458872
"b0pp" 4.58458984593084 0.102231286465566 4.38344214930976 4.78448957817729 4.58523933452539
"Precision for the Gaussian observations" 14.3219159658946 6.43798389555079 4.4117226608108 42.8733753363447 10.7467795221591
"Theta1 for i" -4.69131917201414 0.192371351116248 -5.2422677010352 -4.18278281498324 -4.67070482847002
"Theta2 for i" 3.45166972253274 0.145876849754613 3.06715030883294 3.86770050908971 3.43595619154921
"Beta for j" 0.0820823805128301 0.0489417734533236 -0.0536806389012976 0.208701831466436 0.087534410630639
"b0" -0.34102938186652 0.284634711669948 -0.945559482066745 0.195418317903238 -0.302955590582556
"b0pp" 4.55416927813799 0.119178270305191 4.3070807052891 4.77771072217905 4.56424573235701
"Precision for the Gaussian observations" 2.19012251650598 0.483954235192189 1.36081377712716 3.25847215677186 2.0812535848143
"Theta1 for i" -3.13298467511208 0.362599965442794 -3.79905298521607 -2.37189887636992 -3.22001637534726
"Theta2 for i" 1.8418043217593 0.450004863840577 0.896352527391497 2.66743205510949 1.95160879593353
"Beta for j" 0.164887431396454 0.129189342622614 -0.0887520590558933 0.420306445308252 0.163207774074988
"b0" -0.0889253555614209 0.0968075696693192 -0.281470731100872 0.100353889611799 -0.087672217582244
"b0pp" 4.59221813216627 0.101102632716041 4.39355665844924 4.79016098781929 4.59258365590686
"Precision for the Gaussian observations" 229.079340661712 578.683490843644 18.086997577999 1321.34468973949 34.7205414253891
"Theta1 for i" -4.7808341859904 0.215688436595942 -5.23964520135895 -4.3934892338128 -4.7148762158596
"Theta2 for i" 3.51178825543686 0.21714399437206 3.11568851788065 3.96834039743307 3.45614858979571
"Beta for j" 0.117650239542613 0.0996629067293714 -0.0838393776545223 0.308997635438647 0.127064421947888
"b0" -0.178289414780145 0.120167990462447 -0.411839122961788 0.0625213479196391 -0.181296497231573
"b0pp" 4.58934813432264 0.101307044043486 4.39027669632188 4.78767507313904 4.58973379460786
"Precision for the Gaussian observations" 11.6721423577605 6.87656206428893 2.52765905803096 28.5852160719993 6.98912089069396
"Theta1 for i" -5.08821102571277 0.421455248343354 -5.86762691640241 -4.21001704801596 -5.17839182625989
"Theta2 for i" 3.74213285885899 0.331875793617023 3.05881820585531 4.36563033668435 3.79657094287096
"Beta for j" 0.0792942277288255 0.099633570822833 -0.117409132823102 0.275178305167713 0.0800700534498343
"b0" -0.252835515978835 0.117776095311957 -0.491087548804395 -0.0268628855785956 -0.244789138089727
"b0pp" 4.5869781698169 0.101706403227727 4.38699119344654 4.78595951566058 4.58750665061524
"Precision for the Gaussian observations" 65.3349565936448 86.9354092320207 8.43055115096814 281.782540386086 19.0751901925898
"Theta1 for i" -5.26032080272935 0.2617750046799 -5.8137168330699 -4.7844905394574 -5.1890011337601
"Theta2 for i" 3.79859982081636 0.228678059746402 3.38205845617534 4.28131294490608 3.73777499342002
"Beta for j" 0.0800084183107368 0.0899962759460165 -0.0970556592696973 0.257590968303291 0.079514594673304
"b0" -0.068497534519803 0.140380568355822 -0.347539614815723 0.206604421658033 -0.0662613601771695
"b0pp" 4.56638664755866 0.10687976616291 4.35391144092138 4.7734602594592 4.56921557997252
"Precision for the Gaussian observations" 13.1375334710426 8.57539017801766 3.20641808347052 35.5320518202414 7.63577207161812
"Theta1 for i" -4.83626332679554 0.262336636915475 -5.35730753152567 -4.32203324265012 -4.82998719190107
"Theta2 for i" 3.48864947155581 0.229332520423288 3.04288311943906 3.94741403734955 3.47655301226107
"Beta for j" 0.20885810701499 0.10586246784423 0.00163598821131544 0.418824840036205 0.206269438116111
"b0" 0.16366558358668 0.195490962469333 -0.21127233473258 0.548953825604213 0.162946703745657
"b0pp" 4.57612651159086 0.104892783373332 4.36792860632287 4.77970488183525 4.57848532044788
"Precision for the Gaussian observations" 7.9315535053449 3.81759507320189 2.70335030425293 17.3899619130562 5.85719400953891
"Theta1 for i" -5.04147735834323 0.314001307860864 -5.68932293730465 -4.45353496592091 -4.98665315096142
"Theta2 for i" 3.54882316161455 0.299811808123289 2.99633828708049 4.17484746857145 3.48147810180893
"Beta for j" -0.103836156587949 0.102886269011569 -0.294559232853052 0.109834627783549 -0.125113004522472
"b0" 0.0549559495379596 0.128886728917248 -0.197048785607363 0.309413846192628 0.0528063180801397
"b0pp" 4.57655971799848 0.103680502909423 4.37181087260462 4.77863239894864 4.57794992036138
"Precision for the Gaussian observations" 9.57895657027609 7.54798978954424 1.77130310387923 29.581411561409 4.50632322648534
"Theta1 for i" -5.34335719972978 0.505076222659991 -6.3464555269937 -4.35452111795266 -5.3299248466421
"Theta2 for i" 3.94707418654639 0.354467646772082 3.2603422890065 4.65792444439929 3.92450342296649
"Beta for j" 0.148519016454051 0.108354537480587 -0.058495449342996 0.368271343052691 0.136646670245365
"b0" -0.0940976050593516 0.137633179875139 -0.35582901338628 0.188461303623949 -0.108115153631019
"b0pp" 4.58917201086734 0.101602541227383 4.38942279414467 4.78799172234571 4.5896541605346
"Precision for the Gaussian observations" 27.2544011064306 29.5465734550438 3.2124279256109 105.30491553736 8.44653449168911
"Theta1 for i" -5.10967131901583 0.353336821513194 -5.8177547143639 -4.42319764063254 -5.09011639451311
"Theta2 for i" 3.66490247414272 0.285410021985221 3.11174793055603 4.23811097378453 3.64675137555466
"Beta for j" 0.0874248634555978 0.0907069660270648 -0.0894086462352807 0.268007314322913 0.0839034351718072
"b0" -0.0129668688335076 0.114902356222801 -0.23981302217148 0.213694695798847 -0.0127936995939915
"b0pp" 4.58994971707981 0.101319115083742 4.39083330988614 4.78828072779943 4.59035668381171
"Precision for the Gaussian observations" 109.566216820213 230.606382820541 7.71067580215499 588.052825967754 17.7579127089468
"Theta1 for i" -5.13823710799718 0.240565459916063 -5.65315536037589 -4.71213969228051 -5.05561518254945
"Theta2 for i" 3.72364780867157 0.217502224538425 3.33457305448477 4.18635546848225 3.65526887241656
"Beta for j" 0.0850607227720152 0.091803490841758 -0.0928833838544296 0.268819312904708 0.0796163567618048
"b0" 0.236156028289698 0.162002765347365 -0.0836818587357707 0.55734966906255 0.235524346740903
"b0pp" 4.59066461064435 0.10129251843255 4.39165427742755 4.78899332828411 4.59101696293121
"Precision for the Gaussian observations" 10.9181475308545 7.31435992464709 2.62375006301415 30.0854781789481 6.21136070603049
"Theta1 for i" -4.98108481014507 0.304402553407154 -5.59209402963415 -4.39200243914294 -4.96056004225442
"Theta2 for i" 3.52203435370745 0.257713379556925 3.02806961779077 4.04362483701299 3.49631855733438
"Beta for j" 0.0377065775983273 0.0968423937353401 -0.152631686649012 0.228996638468773 0.0368047883024389
"b0" 0.0157703840485076 0.0870653474553259 -0.157719706958377 0.188166678039483 0.0163429231013736
"b0pp" 4.59175643894099 0.100884261918 4.39369479475005 4.78941110491724 4.59196957748445
"Precision for the Gaussian observations" 17962.4124538348 17724.3483430166 1230.67685908276 65229.4674701025 3395.89990824321
"Theta1 for i" -5.15824972464086 0.223249031577933 -5.62610994205387 -4.74893109056681 -5.10453457134603
"Theta2 for i" 3.72598164005139 0.199240754914165 3.36000879121434 4.14297902295415 3.67919899340924
"Beta for j" 0.0702129104454946 0.0781226314040234 -0.0808323436901786 0.226956278829741 0.0648811793768783
"b0" 0.0926817047541459 0.112916009994997 -0.133277109716979 0.311415448546492 0.0963564236615623
"b0pp" 4.58217883026322 0.102850550142638 4.37936906027815 4.78291470150996 4.58324621587907
"Precision for the Gaussian observations" 11.0002611087566 5.55901738079314 3.63416654111581 24.956359093002 7.85837189235312
"Theta1 for i" -4.81868906978686 0.359211080037725 -5.53090993686894 -4.11561207047972 -4.81010400472787
"Theta2 for i" 3.64406911632469 0.295865534326334 3.06933760104531 4.23509742731866 3.62879085240019
"Beta for j" 0.145173171946359 0.127588008334279 -0.105802308539005 0.396957612754701 0.144404268200968
"b0" -0.116892707400755 0.133546118321667 -0.382960089579155 0.142944223606247 -0.113311071280466
"b0pp" 4.56825729372978 0.105655919183964 4.35891306319231 4.77354132379435 4.57039789797849
"Precision for the Gaussian observations" 7.25818246655782 4.41156815587864 1.72911688102058 18.507577588918 4.39700797462973
"Theta1 for i" -5.09452542599743 0.34057075049197 -5.76387197522716 -4.41894711223614 -5.10008699106469
"Theta2 for i" 3.71821247097811 0.275627946865234 3.18223538690797 4.27024540977203 3.70375964104854
"Beta for j" 0.192105752472164 0.107098677928598 -0.0150784638805964 0.407006408583355 0.184856639784378
"b0" -0.00373886766652366 0.1244004437607 -0.253891296795536 0.237387791817388 0.00128716755145509
"b0pp" 4.59406542076497 0.100556980612605 4.39675919720158 4.7911830361292 4.59416399216624
"Precision for the Gaussian observations" 82.6227275567912 148.768417876845 8.54094389322385 417.408607934467 18.033287736837
"Theta1 for i" -5.08844629455225 0.251806165097602 -5.62247019269827 -4.63414780322698 -5.01492531698024
"Theta2 for i" 3.62896286155784 0.229837760221975 3.21031674551176 4.11282707850625 3.56895229161767
"Beta for j" -0.0214579942812026 0.0862919825077435 -0.195129856206972 0.144997958020201 -0.0147053391911935
"b0" -0.0582994759208682 0.123818773475405 -0.308919982502623 0.180872340134295 -0.0542665982901963
"b0pp" 4.56434615079727 0.105368827661242 4.35575771621171 4.76924687084078 4.56628380987828
"Precision for the Gaussian observations" 4.68149161183249 1.9118802954806 1.82919926324765 9.2564857808255 3.80642400629606
"Theta1 for i" -5.061013857161 0.512935437950023 -5.95084384486703 -3.9267107137003 -5.27355319284719
"Theta2 for i" 3.81867460202231 0.380333729622223 2.97814298259065 4.47907578029042 3.97560902406484
"Beta for j" 0.243745622948498 0.110167168358213 0.0300567915711227 0.46451302423168 0.237148763308218
"b0" -0.119191796480194 0.119230711283311 -0.350188391477249 0.121218691281801 -0.123529750591268
"b0pp" 4.56509853847548 0.105530068574312 4.35634079580178 4.77043845350838 4.56687451437004
"Precision for the Gaussian observations" 24.0457977296159 14.0009161485279 4.60863162422486 56.8212023967533 13.7057158855062
"Theta1 for i" -4.86051817421266 0.238750147282693 -5.35979790884072 -4.42119034618205 -4.80565258848501
"Theta2 for i" 3.57246886286299 0.233122525769704 3.14329508019322 4.05980833173476 3.51924919806457
"Beta for j" 0.231296226288085 0.104341669383629 0.0264645918668404 0.437608526704955 0.229899238316498
"b0" 0.0470277191410479 0.1773499011122 -0.308607407720053 0.400185740871857 0.0485987879314489
"b0pp" 4.58380105440053 0.10585747920418 4.37354376148419 4.78932042367212 4.58609485863922
"Precision for the Gaussian observations" 2.9938870835943 0.918136641817426 1.58383321825584 5.16417931281327 2.61855136579113
"Theta1 for i" -3.6058763158021 0.447960861525047 -4.49338185503972 -2.72898566236902 -3.5960351821884
"Theta2 for i" 2.58722773175129 0.40919123402778 1.7854377644936 3.39715471964247 2.5796782259994
"Beta for j" 0.127030848723061 0.150815218047814 -0.168111935654308 0.426149157411939 0.123291122366475
"b0" 0.0103437913788318 0.115409353470981 -0.219406174241339 0.235422404347989 0.0127005070796256
"b0pp" 4.58490121891432 0.101990593729766 4.3842334559753 4.78434040430648 4.58553677152326
"Precision for the Gaussian observations" 8.09278913162749 1.17574732003767 4.50409150814268 10.5075481393781 9.33767691411714
"Theta1 for i" -4.65258464888076 0.0636519325172187 -4.77273132843453 -4.35128063051265 -4.72249316954764
"Theta2 for i" 3.37715315236796 0.0515647292661199 3.13246678963407 3.47128668737624 3.43387191143195
"Beta for j" 0.135715593995249 0.0131261405960724 0.131515769642858 0.185731755699747 0.133000317865449
"b0" -0.0909638312708742 0.126972697251003 -0.349025344623172 0.151783924601988 -0.0823812782912155
"b0pp" 4.59150200060064 0.101107449659326 4.39289215447195 4.78949702541059 4.59182265711982
"Precision for the Gaussian observations" 19.8043463165676 9.93433471068733 5.24667711005827 42.8296483232309 14.0063866636668
"Theta1 for i" -5.0277231457462 0.269321352406981 -5.6018260533701 -4.5479067704194 -4.93995818877936
"Theta2 for i" 3.63209596579312 0.242725550478047 3.19882018225165 4.1488769642008 3.5543755139257
"Beta for j" 0.0585733548448072 0.0945268610988889 -0.127896673659942 0.244567488479163 0.0590265843293193
"b0" -0.0475429262254243 0.230869535037388 -0.522709080620966 0.394302896026446 -0.0302984524164225
"b0pp" 4.58125099984387 0.107349164387883 4.36633782783924 4.78838944601964 4.58493883326243
"Precision for the Gaussian observations" 2.47634294658111 1.23896021769007 0.800029261193664 5.55684471574683 1.78374058451428
"Theta1 for i" -4.11662269495812 0.538047226128327 -5.12620700943434 -3.00868214918315 -4.2071095469393
"Theta2 for i" 2.82315462805964 0.445615588959131 1.90835720411568 3.66256627248076 2.89262983060382
"Beta for j" 0.0923139216375095 0.128688286968365 -0.157464362148816 0.349677560133785 0.0851811456026032
"b0" 0.0776721994249194 0.180934363620296 -0.268628303514842 0.437526637765362 0.0604809093709285
"b0pp" 4.58887002645653 0.102013010939951 4.38809936904043 4.78831114642116 4.58955657609575
"Precision for the Gaussian observations" 13.8769893220199 14.6251595426991 2.4587626606827 52.0538665271264 5.3268188266196
"Theta1 for i" -5.11786757128561 0.338333889801031 -5.83309470943536 -4.50605552215228 -5.02225429912858
"Theta2 for i" 3.60726953855201 0.275471879338607 3.10698169069021 4.18807275900277 3.53298786141424
"Beta for j" -0.0715522690582288 0.0994796984663559 -0.269369445205686 0.122697061501052 -0.068187370590389
